#O1-N120100062
cam_num: 1
img_topic_0: /camera/rgb
Tcl_0: [
    -0.01232, -0.99992, -0.00335, 0.02553,
    0.00151, 0.00333, -0.99999, 0.00936,
    0.99992, -0.01232, 0.00147, 0.00178,
    0, 0, 0, 1
]

cam_0:
  cam_model: FishPoly
  image_width: 1600  # 1920
  image_height: 1296  # 1080
  k2: -1.2020366987974010e-03
  k3: -2.9313978687336622e-02
  k4: 5.4746822246018150e-02
  k5: -8.7461796244562114e-02
  k6: 5.9151916684326365e-02
  k7: -1.6102414606442336e-02
  p1: 0.
  p2: 0.
  A11: 7.3452077541019048e+02
  A12: -1.9169655671741298e-01
  A22: 7.3428153856950473e+02
  u0: 8.4935999421695441e+02
  v0: 6.2916364361219575e+02
  isFast: 0
  numDiff: 3000
  maxIncidentAngle: 120
