Tcl_0: [-0.012320, -0.999920, -0.003350, 0.025530, 
        0.001510, 0.003330, -0.999990, 0.009360, 
        0.999920, -0.012320, 0.001470, 0.001780, 
        0.000000, 0.000000, 0.000000, 1.000000]
cam_0: 
   image_width: 1600
   image_height: 1296
   k2: -0.001202
   k3: -0.029314
   k4: 0.054747
   k5: -0.087462
   k6: 0.059152
   k7: -0.016102
   p1: 0.000000
   p2: 0.000000
   A11: 734.520775
   A12: -0.191697
   A22: 734.281539
   u0: 849.359994
   v0: 629.163644
